3.600000000000000089e+00 -9.999999999999998545e+04
3.609999999999999876e+00 -9.999999999999998545e+04
3.620000000000000107e+00 -9.999999999999998545e+04
3.629999999999999893e+00 -9.999999999999998545e+04
3.640000000000000124e+00 -9.999999999999998545e+04
3.649999999999999911e+00 -9.999999999999998545e+04
3.660000000000000142e+00 -9.999999999999998545e+04
3.669999999999999929e+00 4.338257888257944783e-01
3.680000000000000160e+00 -1.294942696621050402e+02
3.689999999999999947e+00 -8.982360807830634712e+02
3.700000000000000178e+00 1.737766907955748934e+02
3.709999999999999964e+00 8.128521342187350740e+01
3.720000000000000195e+00 5.587386471762944495e+01
3.729999999999999982e+00 4.634393339218566865e+01
3.740000000000000213e+00 4.330151880891594374e+01
3.750000000000000000e+00 4.472274098977651846e+01
3.759999999999999787e+00 5.064059136894876190e+01
3.770000000000000018e+00 6.283335046755505005e+01
3.779999999999999805e+00 8.514213583161543397e+01
3.790000000000000036e+00 1.312934664040402879e+02
3.799999999999999822e+00 2.610696297755986848e+02
3.810000000000000053e+00 1.735642221165567435e+03
3.819999999999999840e+00 -4.870850513622219182e+02
3.830000000000000071e+00 -2.483453091498149377e+02
3.839999999999999858e+00 -1.904335588474024235e+02
3.850000000000000089e+00 -1.678581326848242554e+02
3.859999999999999876e+00 -1.687632519805937648e+02
3.870000000000000107e+00 -1.659176647001331446e+02
3.879999999999999893e+00 -1.827752982054476547e+02
3.889999999999999680e+00 -2.191594783971829941e+02
3.899999999999999911e+00 -2.784285394072305735e+02
